Structure 1
1.2 127.788 0.86275259459549
1.15 119.071 1.22557561132304
1.10 110.556 1.80665928983011
1.05 102.459 2.72916596742452
1.00 95.230 4.09805695117368
0.975 91.269 5.20516510361024
0.95 87.427 6.64237822205966
Structure 2
1.2 127.788 0.86275259459549
1.15 119.071 1.22557561132304
1.10 110.556 1.80665928983011
1.05 102.459 2.72916596742452
1.00 95.230 4.09805695117368
0.975 91.269 5.20516510361024
0.95 87.427 6.64237822205966
Structure 3
1.2 260.640 0.803011884748398
1.15 245.524 1.16251832349907
1.10 231.495 1.69989141359
1.05 216.500 2.65439572312103
1.00 204.411 3.92048227401682
0.975 198.085 4.86324859612878
0.95 191.604 6.11640929720726
Structure 4
1.2 260.287 0.901930732699737
1.15 245.308 1.26136326503793
1.10 231.219 1.78948631293703
1.05 216.535 2.6713752057892
1.00 203.782 3.90267061849015
0.975 197.601 4.74105531610489
0.95 191.119 5.86093700570839
Structure 5
1.2 259.618 0.0770533034666117
1.15 244.342 0.248774142100508
1.10 230.319 0.630373838924412
1.05 216.148 1.58922852297059
1.00 203.130 3.81637129808183
0.975 198.652 5.20936099896878
0.95 190.775 9.14166546168474
Structure 6
1.2 258.848 0.811952328327628
1.15 243.786 1.18023675950743
1.10 230.120 1.71780432185427
1.05 215.526 2.6647779908542
1.00 202.824 4.03685527196244
0.975 196.782 4.97463948444226
0.95 190.457 6.24133909683599
Structure 7
1.2 258.055 0.89226277014759
1.15 243.901 1.24051766358665
1.10 229.248 1.8100011765046
1.05 216.479 2.59486481789126
1.00 202.445 3.99051180022135
0.975 196.507 4.84223756966432
0.95 189.853 6.06519180114649
Structure 8
1.2 257.820 0.812604095112541
1.15 242.961 1.18192434416527
1.10 228.682 1.76106916272187
1.05 215.860 2.60312906773979
1.00 201.433 4.19804557476756
0.975 196.024 5.07674429697324
0.95 189.460 6.44722862964751
Structure 9
1.2 257.354 0.908172349348291
1.15 242.090 1.27987343671401
1.10 228.164 1.8118159133365
1.05 214.678 2.61979403473192
1.00 201.359 3.89451756998041
0.975 195.554 4.67793927217851
0.95 189.109 5.77855647012096
Structure 10
1.2 256.576 0.830084068438902
1.15 241.371 1.20849012903857
1.10 227.587 1.76227874505511
1.05 213.771 2.66521669005187
1.00 200.452 4.11212277761497
0.975 194.958 4.96904455115612
0.95 189.011 6.14282464990042
Structure 11
1.2 255.990 0.828969955166731
1.15 241.111 1.20918126368856
1.10 227.275 1.78293171026023
1.05 213.498 2.72109543091218
1.00 199.683 4.31626866603678
0.975 194.234 5.2337726897208
0.95 188.616 6.42711194269586
Structure 12
1.2 255.380 0.855131092696092
1.15 240.138 1.23922605502347
1.10 226.477 1.79046009913301
1.05 213.511 2.62039626763396
1.00 199.272 4.13027555441576
0.975 193.728 4.98485250546962
0.95 187.572 6.18872481253337
Structure 13
1.2 255.188 0.824946292489183
1.15 239.966 1.19708267828499
1.10 225.786 1.75988560209987
1.05 212.342 2.62599685603175
1.00 198.977 4.04755939338452
0.975 193.088 4.9543029269909
0.95 187.068 6.13804853394213
Structure 14
1.2 253.954 0.862535402745772
1.15 239.232 1.23527348454341
1.10 225.434 1.79331132610016
1.05 212.297 2.64327045427131
1.00 198.730 4.08649332546322
0.975 192.280 5.09299004824556
0.95 186.706 6.20426069536563
Structure 15
1.2 253.543 0.856548564711975
1.15 238.457 1.2384277963594
1.10 224.801 1.79244819643084
1.05 211.612 2.64779537964044
1.00 198.293 4.06275223615644
0.975 191.927 5.04891150798279
0.95 185.935 6.24369231024693
Structure 16
1.2 253.244 0.941053234037238
1.15 237.713 1.32360126218625
1.10 224.110 1.84470737594165
1.05 210.736 2.63752393620641
1.00 197.959 3.82471966346152
0.975 191.464 4.67498471357676
0.95 185.276 5.70445701570432
Structure 17
1.2 252.319 0.99976248409944
1.15 237.034 1.36997269129771
1.10 223.451 1.87005153233889
1.05 209.924 2.62784597422274
1.00 197.397 3.70419388468542
0.975 190.949 4.46960314785356
0.95 184.815 5.3835252827547
Structure 18
1.2 251.717 0.87553390551185
1.15 236.514 1.25158016409332
1.10 222.794 1.79045495155759
1.05 209.232 2.63892148645661
1.00 196.705 3.89555306893483
0.975 190.213 4.8259426310057
0.95 184.194 5.93253911680992
Structure 19
1.2 251.062 0.973953809778879
1.15 235.584 1.36636228971798
1.10 222.364 1.88492377330433
1.05 208.691 2.71604175105882
1.00 195.521 3.98935629400083
0.975 189.437 4.81896516041336
0.95 183.431 5.84987713929328
Structure 20
1.2 250.497 0.87121732804398
1.15 234.639 1.28249523759177
1.10 221.869 1.81246981177326
1.05 208.593 2.68451667943388
1.00 194.981 4.16476058060978
0.975 189.280 5.06338983145425
0.95 182.808 6.37525250393757
Structure 21
1.2 249.885 0.88409735617225
1.15 233.948 1.30292650407382
1.10 220.891 1.85519543589057
1.05 208.313 2.6894671099938
1.00 194.381 4.20972012133989
0.975 188.721 5.10872170856817
0.95 182.529 6.36423643080974
Structure 22
1.2 249.097 0.854268642073927
1.15 233.449 1.26337132795014
1.10 220.583 1.80573039861806
1.05 207.372 2.6954296993774
1.00 194.276 4.15229059162359
0.975 187.876 5.19702228558805
0.95 181.747 6.49846061657305
Structure 23
1.2 248.461 0.771347168315905
1.15 233.688 1.14228564351315
1.10 220.384 1.6905622904614
1.05 206.628 2.63534722448847
1.00 193.604 4.16459306285225
0.975 187.318 5.26476976991074
0.95 181.466 6.60341224136149
Structure 24
1.2 247.883 0.778617880171493
1.15 233.318 1.15146819230462
1.10 219.556 1.7352387042396
1.05 205.951 2.70600496187116
1.00 193.026 4.28249709802071
0.975 186.802 5.41418990471778
0.95 181.057 6.77733717024293
Structure 25
1.2 247.297 0.81717564401253
1.15 233.319 1.16868463439853
1.10 219.141 1.74875645543499
1.05 205.477 2.68060425570948
1.00 192.709 4.1398450703145
0.975 186.487 5.1832881647198
0.95 180.549 6.47711230415991
Structure 26
1.2 246.877 0.785835953076115
1.15 232.809 1.14520283212963
1.10 218.705 1.73895576215523
1.05 204.882 2.72421731348858
1.00 192.740 4.1783308548507
0.975 185.899 5.39434073820242
0.95 179.982 6.78770433008513
Structure 27
1.2 246.882 0.713670458850665
1.15 232.370 1.08443996020557
1.10 218.556 1.68341886331864
1.05 204.825 2.71382438322888
1.00 191.896 4.42001709574238
0.975 185.744 5.65140390913137
0.95 179.621 7.28431237334554
Structure 28
1.2 246.590 0.80195300786564
1.15 231.985 1.17208290139562
1.10 218.131 1.74747065312097
1.05 204.342 2.70298438370034
1.00 191.703 4.17572658151132
0.975 185.172 5.30072480768906
0.95 179.396 6.59991121603846
Structure 29
1.2 246.239 0.858498267483293
1.15 232.030 1.21388284791143
1.10 217.721 1.78940839874096
1.05 204.136 2.68447119103383
1.00 191.234 4.08578884911349
0.975 185.049 5.0605803974998
0.95 179.184 6.24821431830291
Structure 30
1.2 246.174 0.823780792742802
1.15 231.746 1.19486421950697
1.10 217.593 1.7901556694385
1.05 203.819 2.75660787124573
1.00 191.085 4.25475801902176
0.975 184.973 5.30631529270083
0.95 178.723 6.70994367116602
Structure 31
1.2 245.840 0.842997962060832
1.15 230.750 1.23160001285388
1.10 217.688 1.77193909324071
1.05 203.968 2.69243772106674
1.00 191.076 4.13203919793518
0.975 184.872 5.1430903399656
0.95 178.741 6.43996227263703
Structure 32
1.2 245.935 0.891276468837122
1.15 230.991 1.27236190577789
1.10 217.691 1.80921161358876
1.05 204.242 2.67345387294256
1.00 191.593 3.98906834280452
0.975 185.152 4.9540232050693
0.95 179.154 6.1112432953279
Structure 33
1.2 245.839 0.916068014209681
1.15 231.342 1.28639933272332
1.10 217.877 1.82694288076183
1.05 204.185 2.70524084146222
1.00 191.914 3.97040278807673
0.975 185.223 4.95977727504178
0.95 179.393 6.06919452775373
Structure 34
1.2 245.980 0.895715448155127
1.15 231.703 1.25310810346729
1.10 218.008 1.79268948834898
1.05 204.132 2.67341359754607
1.00 191.938 3.92091282671343
0.975 185.506 4.85916542965637
0.95 179.319 6.02425451573016
Structure 35
1.2 245.981 0.940134650765721
1.15 231.702 1.3005415771944
1.10 218.007 1.83795533293915
1.05 204.133 2.70367857560727
1.00 191.935 3.91481850883349
0.975 185.504 4.81675743345807
0.95 179.313 5.92998957334389
Structure 36
1.2 245.831 0.969033661849
1.15 231.322 1.32688422880727
1.10 218.194 1.82010560039676
1.05 204.474 2.61807657435959
1.00 191.682 3.79375804867411
0.975 185.742 4.55669111476207
0.95 179.553 5.55832015200529
Structure 37
1.2 245.788 0.915540422218235
1.15 231.577 1.28809913795975
1.10 218.139 1.84208280438632
1.05 204.583 2.73716048154509
1.00 191.575 4.14316360857558
0.975 185.636 5.06579949311908
0.95 179.639 6.25507385099591
Structure 38
1.2 246.174 0.818453267328992
1.15 231.187 1.21361381517121
1.10 217.990 1.7819341920993
1.05 204.377 2.74826308579708
1.00 191.687 4.26310680349839
0.975 185.512 5.34677034412347
0.95 179.643 6.68561212965806
Structure 39
1.2 245.653 0.891191815822995
1.15 231.066 1.26500559081054
1.10 217.846 1.79919205642775
1.05 204.175 2.68375264897522
1.00 191.752 3.98758954709891
0.975 186.026 4.83863377583463
0.95 179.855 6.00863296226882
Structure 40
1.2 245.283 0.961151507183406
1.15 230.651 1.34272607039041
1.10 217.769 1.86101378915487
1.05 204.178 2.71555963978057
1.00 191.899 3.94004396804152
0.975 185.695 4.81096000735382
0.95 179.514 5.9180737273031
Structure 41
1.2 244.795 0.834282760172615
1.15 230.495 1.21375851426777
1.10 217.423 1.77348307977976
1.05 203.418 2.76889712194443
1.00 191.614 4.16403877042507
0.975 185.450 5.21704391081131
0.95 179.301 6.59084235484113
Structure 42
1.2 244.224 0.967988736895838
1.15 230.194 1.32499687735004
1.10 216.672 1.85293153545465
1.05 203.219 2.67352219353487
1.00 191.121 3.82849225292552
0.975 185.040 4.63663812744178
0.95 179.071 5.63785273998119
Structure 43
1.2 243.736 0.807120409822484
1.15 229.924 1.16784688152433
1.10 216.389 1.74411836985698
1.05 202.710 2.72170872118342
1.00 190.830 4.14160515526701
0.975 184.912 5.16695740963593
0.95 178.472 6.6361856080906
Structure 44
1.2 243.088 0.799163697084345
1.15 229.273 1.17591036949665
1.10 215.631 1.79234573133819
1.05 202.336 2.80936163283173
1.00 190.522 4.32923494612248
0.975 184.567 5.4504388672638
0.95 178.144 7.05558111408653
Structure 45
1.2 243.194 0.953344146537081
1.15 229.354 1.32286792821654
1.10 215.627 1.8971409980094
1.05 202.382 2.78079072273962
1.00 190.708 4.010754654021
0.975 184.609 4.91214324441428
0.95 178.260 6.11927346325166
